Params: 	67
Performance: 	0.843390162515349
Term	Coefficient	Standard Error	p-value	95% CI lower	95% CI upper
Intercept	0.20692178148092222
P28T	-0.19923362082307114	0.09812885803536876	0.04260329569870958	-0.5312104848173647	0.13274324317122235
R30S	-0.17418000396896371	0.09772479915316971	0.07501315148130198	-0.5047899081996663	0.1564299002617388
T57A	-0.07656775590327163	0.09740882850998404	0.4320381821747682	-0.4061087091104003	0.25297319730385703
K58N	-0.053839968634013864	0.0975766987657637	0.5812360168862172	-0.383948838784103	0.2762689015160753
P61Q	-0.013619109101030119	0.09747983371858297	0.8889172931670417	-0.34340027794859185	0.31616205974653167
D73E	-0.16865178538584846	0.09726917263835137	0.08326820832066387	-0.49772027290621357	0.16041670213451664
F74S	-0.28493673813305814	0.09726917263835125	0.0034783025710313203	-0.6140052256534229	0.044131749387306574
A75T	0.1255543908995343	0.09858125476634763	0.2031140197472134	-0.2079529632180367	0.4590617450171053
G76S	-0.12604601775727214	0.09726917263835129	0.195344762961189	-0.45511450527763697	0.20302246976309268
V78A	-0.12414126123738616	0.09726917263835125	0.20217568386377457	-0.4532097487577509	0.20492722628297855
V100L	0.0442611928456228	0.09776301717483714	0.6508402641160664	-0.2864780056542196	0.3750003913454652
P28T,R30S	1.1087735768465128	0.050776743996195396	6.896383144968348e-86	0.93699226222424	1.2805548914687854
P28T,T57A	-0.01443960777848808	0.05084398543209427	0.7764739261591787	-0.18644840493206813	0.15756918937509198
P28T,K58N	0.19672099037474672	0.05063436764224589	0.0001094139716746526	0.025421345023241032	0.36802063572625243
P28T,P61Q	-0.021648410121794685	0.05109401186375001	0.6718828874936524	-0.19450306436938922	0.15120624412579983
P28T,D73E	0.38759174570033045	0.05059507336414618	4.576546679104387e-14	0.21642503566956148	0.5587584557310994
P28T,F74S	1.0646644106430485	0.05059507336414615	6.56612790627985e-81	0.8934977006122797	1.2358311206738173
P28T,A75T	-0.22952468221965133	0.05092477009111875	7.3954229710746295e-06	-0.40180677958581645	-0.05724258485348624
P28T,G76S	0.25299898296770573	0.050595073364146155	6.816928359000532e-07	0.08183227293693687	0.4241656929984746
P28T,V78A	0.16576255561759162	0.050595073364146155	0.001090250271124823	-0.005404154413177237	0.33692926564836045
P28T,V100L	0.04666786957620095	0.05086543122452019	0.3591270125302908	-0.12541348020927523	0.21874921936167713
R30S,T57A	0.09584433497876052	0.05071859081937226	0.0591005512791801	-0.07574024333515639	0.26742891329267743
R30S,K58N	0.11299255788141666	0.05056596964786211	0.025679790815206913	-0.05807569221966391	0.2840608079824972
R30S,P61Q	0.008161429863580379	0.050853951412950786	0.8725313048276845	-0.16388108290778644	0.18020394263494718
R30S,D73E	-0.1279520081795041	0.05050081846806561	0.01144854837166203	-0.2987998472334432	0.04289583087443499
R30S,F74S	0.9818054070746292	0.05050081846806562	4.526038427226321e-71	0.81095756802069	1.1526532461285683
R30S,A75T	-0.01573724910616968	0.05088597003168221	0.7571882050071547	-0.18788808312827454	0.15641358491593516
R30S,G76S	0.3969466518590655	0.05050081846806559	1.0428118781042455e-14	0.2260988128051265	0.5677944909130046
R30S,V78A	0.07177346516989644	0.05050081846806559	0.15557907986735406	-0.09907437388404258	0.24262130422383546
R30S,V100L	0.04770908767537755	0.05077748945393087	0.3476776874483626	-0.12407474888311473	0.21949292423386982
T57A,K58N	0.021983615201654413	0.050556659473893956	0.6637843068995983	-0.14905313792270525	0.19302036832601405
T57A,P61Q	0.039606773065243774	0.0508671967499936	0.4363922748714584	-0.13248054961772351	0.21169409574821105
T57A,D73E	0.027729854295000626	0.050501667855466524	0.5830749869878111	-0.14312085829656357	0.19858056688656484
T57A,F74S	-0.011329068123087448	0.05050166785546647	0.8225486316409876	-0.18217978071465146	0.15952164446847655
T57A,A75T	0.026107527382946926	0.05096193959385343	0.6085646650476184	-0.14630031703868313	0.19851537180457696
T57A,G76S	-0.01376670155327702	0.05050166785546648	0.7852211366083035	-0.1846174141448411	0.15708401103828704
T57A,V78A	0.028953058774327578	0.050501667855466496	0.5665720613732392	-0.1418976538172365	0.19980377136589167
T57A,V100L	0.04181345557618332	0.05075280580031119	0.41022441823030886	-0.12988687443709238	0.21351378558945902
K58N,P61Q	-0.03347879047597531	0.050665877586074944	0.5089172619995797	-0.20488503619506332	0.13792745524311273
K58N,D73E	0.13134349852689742	0.05051860148587573	0.009470637558214362	-0.0395645017334712	0.30225149878726604
K58N,F74S	0.10086536411911712	0.05051860148587568	0.04615560515388637	-0.07004263614125134	0.27177336437948557
K58N,A75T	0.0033767432100809333	0.050643249543895895	0.9468529121242076	-0.16795295024261647	0.17470643666277835
K58N,G76S	0.05479166075655703	0.05051860148587572	0.2783829083283462	-0.11611633950381153	0.2256996610169256
K58N,V78A	0.05417186585740574	0.05051860148587571	0.28385251894245245	-0.11673613440296282	0.2250798661177743
K58N,V100L	-0.04880641165995009	0.05062284485180678	0.33523352020894504	-0.22006707459679178	0.1224542512768916
P61Q,D73E	0.04040580624004235	0.05050976441137097	0.4239350544371998	-0.13047229757253598	0.2112839100526207
P61Q,F74S	0.056202925631961935	0.050509764411370936	0.26611451857154994	-0.11467517818061629	0.22708102944454017
P61Q,A75T	-0.042704403246588044	0.05122956231252039	0.4047234527784379	-0.2160176342451684	0.13060882775199234
P61Q,G76S	-0.018531797871023534	0.05050976441137097	0.7137793022907581	-0.1894099016836019	0.1523463059415548
P61Q,V78A	-0.02009377514645322	0.05050976441137092	0.6908530991012147	-0.1909718789590314	0.15078432866612496
P61Q,V100L	0.011434619421886977	0.051010318068735176	0.8226790775726616	-0.16113689280040452	0.18400613164417848
D73E,F74S	0.11433925510848794	0.05046306451340979	0.0236893460320308	-0.056380859647818915	0.2850593698647948
D73E,A75T	-0.1113493727757553	0.0506106192070294	0.02804012041607835	-0.28256867549201803	0.059869929940507466
D73E,G76S	-0.005256683354595719	0.05046306451340979	0.9170574181606702	-0.17597679811090258	0.16546343140171113
D73E,V78A	0.1164447011163337	0.050463064513409775	0.021241203760148257	-0.0542754136399731	0.28716481587264053
D73E,V100L	0.0030875586181758757	0.050503555159518834	0.9512642609478288	-0.16776953885642104	0.17394465609277276
F74S,A75T	-0.29225467906843083	0.050610619207029396	1.0464756982930941e-08	-0.46347398178469357	-0.1210353763521681
F74S,G76S	0.410052921589221	0.05046306451340978	1.385415805919408e-15	0.2393328068329142	0.5807730363455279
F74S,V78A	0.2747068771451379	0.05046306451340978	6.653546539411677e-08	0.10398676238883109	0.44542699190144475
F74S,V100L	-0.01635199541839305	0.050503555159518834	0.7461770014000624	-0.18720909289298995	0.15450510205620385
A75T,G76S	0.08838616662386031	0.050610619207029375	0.08106747690751842	-0.08283313609240234	0.25960546934012296
A75T,V78A	0.09719557819824903	0.05061061920702941	0.05510105826235829	-0.07402372451801376	0.2684148809145118
A75T,V100L	0.01907931639949171	0.0509988669583956	0.7084045910317724	-0.15345345590698	0.1916120887059634
G76S,V78A	-0.05175266756910475	0.050463064513409775	0.30536392437644055	-0.22247278232541157	0.11896744718720205
G76S,V100L	0.013256375669314889	0.05050355515951884	0.7930055813911182	-0.15760072180528203	0.18411347314391183
V78A,V100L	0.005195403411380417	0.050503555159518834	0.9180863825378721	-0.16566169406321649	0.17605250088597732
