Params: 	137
Performance: 	0.9344332421017346
Term	Coefficient	Standard Error	p-value	95% CI lower	95% CI upper
Intercept	0.29337908086911935
S29F	0.16801643250132903	0.019694772907641656	1.756973463120944e-17	0.09778615326283162	0.23824671173982642
N30S	0.8177336814346641	0.02086979501023833	5.269104166427208e-304	0.7433133498018711	0.892154013067457
N31S	1.042509044402503	0.02006464773101968	0.0	0.9709598156005379	1.114058273204468
S52I	-3.7138378897515246e-15	1.5263288633228926e-16	1.2152758049406092e-125	-4.258116835153089e-15	-3.16955894434996e-15
S56T	1.7929568597836691	0.020872348056538346	0.0	1.7185274241538209	1.8673862954135174
T57A	0.45984821692674294	0.020319944291908268	1.6039589885729479e-109	0.38738861719316503	0.5323078166603209
A58N	-0.8144604152721246	0.020775602730977973	2.758784062718577e-304	-0.8885448633633511	-0.7403759671808982
S70T	0.09811570385059103	0.01923382120452855	3.463002675413938e-07	0.029529148405046515	0.16670225929613552
I73K	2.932896074089662	0.04229462969558971	0.0	2.782076175442463	3.0837159727368606
F74S	2.590988984643556	0.04655471662936651	0.0	2.4249778930670223	2.7570000762200895
S75T	0.06182876691874262	0.019492802314362862	0.0015210658816758964	-0.007681298320311766	0.13133883215779701
N76S	0.5658167527129225	0.019434448539843403	4.447025054974895e-176	0.49651477323846877	0.6351187321873764
N82AS	0.10586620485313028	0.01922591097557619	3.7907130988634084e-08	0.03730785676954772	0.17442455293671283
T83R	0.11476014014700046	0.019206235330491185	2.4106717117596645e-09	0.04627195413408497	0.18324832615991596
F91Y	-0.06252261968691188	0.019271133005377375	0.0011826072182139693	-0.13124222658751977	0.006196987213696006
S100BY	0.418637212135883	0.019273167493711458	2.5506784432335535e-101	0.34991035038219914	0.4873640738895669
S29F,N30S	0.4968797290024827	0.012185542523625546	0.0	0.45342687691223316	0.5403325810927322
S29F,N31S	-0.006149197143917526	0.01139481575769851	0.5894563828158447	-0.04678236901582533	0.03448397472799028
S29F,S52I	-8.32781464047613e-16	1.0248038656483883e-16	5.186790398870503e-16	-1.19821985720244e-15	-4.673430708927859e-16
S29F,S56T	-0.16098038723233082	0.011698014146670543	1.5380549134961104e-42	-0.20269474483925698	-0.11926602962540465
S29F,T57A	0.46713546694246877	0.011699378787425663	0.0	0.42541624311536624	0.5088546907695713
S29F,A58N	-0.08920620502425125	0.011383758786152942	5.323778931336038e-15	-0.12979994845477416	-0.048612461593728326
S29F,S70T	-0.07137590697175643	0.01056942240842185	1.5628600419404906e-11	-0.10906577984381606	-0.033686034099696796
S29F,I73K	-0.33840739780038903	0.027880638519092147	1.4383277167311133e-33	-0.4378279413997372	-0.23898685420104088
S29F,F74S	0.1901097023843457	0.03188465387341974	2.6052344920305465e-09	0.07641110045305559	0.3038083043156358
S29F,S75T	0.14755499239053407	0.01078210852278693	4.280284297088121e-42	0.10910669466777637	0.18600329011329178
S29F,N76S	-0.1266818491661493	0.010730576498437368	7.26819976236627e-32	-0.16494638704172487	-0.08841731129057372
S29F,N82AS	0.007538499861760237	0.01057020451825154	0.47575555267396685	-0.030154161963083563	0.045231161686604036
S29F,T83R	0.02496826385786422	0.010571891142033161	0.018215461040337867	-0.012730412357686648	0.06266694007341508
S29F,F91Y	-0.008157455517738839	0.010570515248844246	0.44030739885721626	-0.045851225387666276	0.0295363143521886
S29F,S100BY	-0.11026532790592915	0.010696508142530677	9.654829829698875e-25	-0.14840838024015102	-0.07212227557170728
N30S,N31S	-0.14471486751917728	0.011973636931054982	2.6638985917158738e-33	-0.18741207804868276	-0.1020176569896718
N30S,S52I	-1.234431278957174e-17	2.5683933914838454e-16	0.9616678798665632	-9.282166913344088e-16	9.035280657552656e-16
N30S,S56T	-0.03623979246652721	0.012836056423057596	0.004766811688250664	-0.0820123348126573	0.00953274987960287
N30S,T57A	0.14003299021488239	0.012200418316070761	3.16355058377633e-30	0.09652709201629636	0.1835388884134684
N30S,A58N	-0.025787089149814785	0.012534696551211144	0.03969822013158691	-0.07048500179341896	0.0189108234937894
N30S,S70T	-0.022449119217318736	0.011304839428172396	0.047094493798436415	-0.06276144135020659	0.01786320291556911
N30S,I73K	0.13889749512790356	0.07083091891458694	0.049921505496396165	-0.11368095487091268	0.3914759451267198
N30S,F74S	0.1167517220093274	0.05597173508456163	0.037023077905378725	-0.08283984489453647	0.3163432889131913
N30S,S75T	-0.09848856516514375	0.011433135484468721	8.585994742563161e-18	-0.13925838269039495	-0.057718747639892536
N30S,N76S	-0.13088721278910279	0.011423844703037592	3.984897006652558e-30	-0.17162389999204403	-0.09015052558616155
N30S,N82AS	0.011542245439553282	0.01131276300281656	0.30762818272346254	-0.0287983316451655	0.051882822524272065
N30S,T83R	-0.0028330138464191315	0.0113147839430219	0.8022995409047483	-0.043180797472467995	0.03751476977962973
N30S,F91Y	0.003453900615238009	0.011316342105206528	0.7602125418717692	-0.0368994393158182	0.043807240546294215
N30S,S100BY	-0.04760921465261752	0.01148699114799985	3.443608326137701e-05	-0.08857107797124258	-0.006647351333992461
N31S,S52I	-7.405497071715162e-16	3.940913468360508e-16	0.060267656625198986	-2.1458538182451975e-15	6.647544039021652e-16
N31S,S56T	-0.04733043348372243	0.011990239967073529	7.976804232706014e-05	-0.09008684935980679	-0.0045740176076380645
N31S,T57A	0.06133707398344837	0.011623382804215628	1.3519752310053697e-07	0.01988884688968587	0.10278530107721087
N31S,A58N	0.00014127282016483667	0.011735614227130504	0.9903956723626663	-0.04170716422816827	0.04198970986849794
N31S,S70T	-0.009680476832636384	0.010798828566449342	0.3700496454069291	-0.04818839714362081	0.028827443478348043
N31S,I73K	-0.26590913866747123	0.03166633437282974	5.473506895001544e-17	-0.37882922745918124	-0.1529890498757612
N31S,F74S	-0.1547623705491917	0.05222152936148316	0.003051051313413002	-0.3409809477583422	0.031456206659958796
N31S,S75T	0.03972486032912993	0.01106822974338743	0.00033408833320572247	0.0002562729430658703	0.07919344771519399
N31S,N76S	-0.40427128050984396	0.010822412440719254	7.752586261641234e-279	-0.4428632993825772	-0.36567926163711073
N31S,N82AS	-0.0005616444641309351	0.010807147164153992	0.9585542886511442	-0.03909922835348765	0.03797593942522578
N31S,T83R	0.024578021543841824	0.01080483704905542	0.0229523841346186	-0.013951324625323523	0.06310736771300718
N31S,F91Y	-0.013065466855958698	0.010802131233942724	0.22650107453731577	-0.05158516426441868	0.025454230552501282
N31S,S100BY	-0.11753206318259189	0.010902918461981517	6.935664453064946e-27	-0.15641116129102603	-0.07865296507415775
S52I,S56T	-1.3936692195110496e-16	2.701156009066067e-16	0.6059034939137813	-1.1025815864362668e-15	8.238477425340569e-16
S52I,T57A	-4.736665795549273e-16	3.609632662131854e-16	0.1894854770646019	-1.760838109781405e-15	8.135049506715504e-16
S52I,A58N	-2.404227101742424e-16	1.9780269138479539e-16	0.22422858329688217	-9.457742425440547e-16	4.649288221955699e-16
S52I,S70T	-1.6488999088891865e-16	2.0047187700670337e-16	0.41081488012343903	-8.797596655823342e-16	5.4997968380449695e-16
S52I,I73K	-1.75206508392235e-16	2.841684569076061e-16	0.5375458027451385	-1.1885327433776917e-15	8.381197265932217e-16
S52I,F74S	-1.2616069855049524e-16	2.6203512025258163e-16	0.6302010965899374	-1.0605608945787363e-15	8.082394974777458e-16
S52I,S75T	4.803380222857158e-16	2.7597435289288403e-17	1.819461868497152e-66	3.819273629842792e-16	5.787486815871524e-16
S52I,N76S	-2.1844760175550647e-16	2.5506917242026497e-16	0.391791867715115	-1.1280076808797041e-15	6.911124773686912e-16
S52I,N82AS	-3.662773724527227e-16	5.752565809078302e-17	2.0459263314978794e-10	-5.714101277294523e-16	-1.6114461717599316e-16
S52I,T83R	-1.4850011535740815e-16	9.065126292649422e-17	0.10143559068249941	-4.717566229853749e-16	1.7475639227055854e-16
S52I,F91Y	5.031856433493194e-17	1.2400125482618896e-16	0.6849086527195225	-3.9186184532027835e-16	4.924989739901423e-16
S52I,S100BY	-1.9388743018128748e-16	3.840718528258261e-17	4.5714708851286507e-07	-3.3084495489150654e-16	-5.692990547106845e-17
S56T,T57A	-0.9233226572695661	0.011904835992797022	0.0	-0.9657745281280641	-0.8808707864110681
S56T,A58N	-0.3936184003324963	0.013070396728719546	1.5246676463773254e-187	-0.44022658496709816	-0.3470102156978944
S56T,S70T	-0.0012465276978176898	0.011291271370578004	0.9120973071858901	-0.041510467019791865	0.039017411624156485
S56T,I73K	-0.43433116996207766	0.037462777336186796	8.429543370288938e-31	-0.5679209973598438	-0.30074134256431145
S56T,F74S	-0.20431753117461549	0.22357798314772764	0.36082504796062465	-1.0015820775432895	0.5929470151940587
S56T,S75T	0.11046882468270512	0.011630341580419964	2.8571954789502552e-21	0.0689957830455975	0.15194186631981274
S56T,N76S	-0.04637002693730164	0.011349165034066562	4.441856209304532e-05	-0.0868404112978659	-0.005899642576737384
S56T,N82AS	-0.0065450242087322745	0.011297668603670135	0.5623882619225292	-0.04683177564783626	0.03374172723037171
S56T,T83R	-0.011794263156527235	0.011308920002269542	0.2970225529057435	-0.052121136351244525	0.028532610038190055
S56T,F91Y	0.017786334938008262	0.011295760379821775	0.11539302806046942	-0.022493611898963553	0.05806628177498008
S56T,S100BY	0.03274268932643268	0.01140960905628008	0.004120218835407775	-0.00794323448605927	0.07342861313892463
T57A,A58N	0.6694900717719923	0.011642002578051857	0.0	0.6279754477757619	0.7110046957682227
T57A,S70T	-0.11592289477954315	0.011105792149635236	2.539580639963876e-25	-0.15552542726322394	-0.07632036229586237
T57A,I73K	0.009006285606639741	0.22267647978472582	0.967739014856435	-0.7850435584034459	0.8030561296167253
T57A,F74S	0.053112392194869074	0.11625752636052734	0.6477920603046381	-0.36145438540472596	0.4676791697944641
T57A,S75T	-0.009173400920888947	0.011213914651759064	0.41336350073856176	-0.04916149121484411	0.030814689373066216
T57A,N76S	-0.09902251895703656	0.011129238148473674	7.159887664050832e-19	-0.13870865834764493	-0.0593363795664282
T57A,N82AS	-0.03674983207937234	0.011095678821571836	0.0009306925907323474	-0.07631630109295098	0.002816636934206314
T57A,T83R	0.01507578295655243	0.011105718932532765	0.17467241613180925	-0.024526488439702995	0.054678054352807856
T57A,F91Y	0.015658348450791802	0.011098826904930678	0.1583444181184998	-0.023919346423292798	0.0552360433248764
T57A,S100BY	0.016841928842481715	0.011203623649828387	0.1328174835234932	-0.02310946440791653	0.05679332209287996
A58N,S70T	0.04461740152329567	0.011011589744283665	5.1357920592763014e-05	0.005350788690163991	0.08388401435642735
A58N,I73K	0.07027466267158723	0.03514115652604433	0.04556206072894712	-0.05503641591567866	0.19558574125885314
A58N,F74S	0.16017539244947213	0.04363682558741354	0.0002437240677831475	0.004569310548595107	0.31578147435034915
A58N,S75T	-0.0336628189427612	0.011317183553182366	0.0029447263537464587	-0.07401915942257138	0.0066935215370489826
A58N,N76S	0.06580038205715083	0.011187634997003742	4.250781628947449e-09	0.025906003302821563	0.1056947608114801
A58N,N82AS	0.008565477741380612	0.011006327002301199	0.43645826105237395	-0.030682368496130902	0.047813323978892125
A58N,T83R	-0.005209016355608248	0.011017346083243522	0.636369524681421	-0.04449615591907787	0.034078123207861376
A58N,F91Y	-0.005687268512134788	0.011000910093432346	0.6051851880970891	-0.04491579840493631	0.03354126138066673
A58N,S100BY	0.0669898204226913	0.011092930757643232	1.6298183613477297e-09	0.02743315082634768	0.10654649001903493
S70T,I73K	-0.19549095318573234	0.023705395830466266	1.9257301562019398e-16	-0.2800228529156751	-0.11095905345578957
S70T,F74S	-0.005140077355655304	0.028377454085930655	0.8562688309009769	-0.10633223295341157	0.09605207824210096
S70T,S75T	0.009007696654677974	0.010503586181098772	0.3911519202493424	-0.028447408512742883	0.04646280182209883
S70T,N76S	-0.0035313000434066127	0.010410219260124448	0.7344580489697073	-0.040653464843227634	0.03359086475641441
S70T,N82AS	-0.005070447259470215	0.010349223594069023	0.6241951066153089	-0.04197510548130229	0.03183421096236186
S70T,T83R	0.014823853236693003	0.010352747070164694	0.15222353657059495	-0.02209336947172897	0.05174107594511498
S70T,F91Y	0.01809087185585785	0.010349287793410161	0.08050223775028037	-0.018814015296649188	0.05499575900836489
S70T,S100BY	0.03646765474636088	0.010408186736564127	0.0004616065915031988	-0.00064726220663959	0.07358257169936135
I73K,F74S	3.5832027230652294e-17	4.0101290558868975e-18	5.106435152596376e-19	2.153216783658565e-17	5.013188662471894e-17
I73K,S75T	0.36044525218487977	0.03036564622331308	3.420692812346684e-32	0.25216333273744873	0.4687271716323108
I73K,N76S	-0.10814001272619556	0.025768780054244798	2.743358808015966e-05	-0.20002980639540024	-0.016250219056990853
I73K,N82AS	-0.002416436483384743	0.02378025033862138	0.9190649495302674	-0.08721526252086337	0.08238238955409388
I73K,T83R	-0.03038916935875252	0.023762733568451155	0.20098903064736767	-0.11512553173309675	0.05434719301559171
I73K,F91Y	-0.0036192703515784685	0.023792880364734478	0.8791000423825273	-0.08846313424071815	0.08122459353756122
I73K,S100BY	-0.14047227460315825	0.02471802533196329	1.3764046173641905e-08	-0.2286151452739075	-0.05232940393240901
F74S,S75T	0.11162703332440108	0.03007619425044255	0.0002076419550393836	0.004377280786238794	0.21887678586256337
F74S,N76S	-0.10552057344760424	0.03182797980015838	0.0009199389782807226	-0.2190170793197322	0.007975932424523727
F74S,N82AS	0.008639178056424876	0.02819197981317565	0.7592779524945459	-0.09189158834795373	0.10916994446080348
F74S,T83R	-0.09348753393304954	0.028002169985806867	0.0008464359669707216	-0.1933414508382827	0.006366382972183615
F74S,F91Y	0.03891015531754595	0.028077835493014063	0.16585298413736663	-0.06121357986509532	0.13903389050018722
F74S,S100BY	-0.12207303889078047	0.030040703568710525	4.884863272505042e-05	-0.22919623396620412	-0.014949843815356828
S75T,N76S	-0.0009009660406122527	0.01057832970798231	0.9321279289174965	-0.03862260176357277	0.03682066968234826
S75T,N82AS	-0.013344278746570896	0.010506250353605357	0.20408107424332017	-0.05080888417987217	0.02412032668673038
S75T,T83R	0.022404557748317493	0.010508104888060466	0.03303130004106618	-0.015066660834231579	0.05987577633086656
S75T,F91Y	-0.004483871726127176	0.010503732370858585	0.6694770967907112	-0.04193949819672334	0.03297175474446898
S75T,S100BY	0.06727283904664072	0.010589307573440352	2.244315705005626e-10	0.029512056969458383	0.10503362112382306
N76S,N82AS	-0.010574335277168112	0.010406513004878435	0.3096039311400313	-0.0476832838118371	0.026534613257500873
N76S,T83R	0.052931041270282864	0.01041451000431785	3.822162637000161e-07	0.01579357595573863	0.0900685065848271
N76S,F91Y	-0.0007110987391664991	0.010406780355831655	0.9455246174121686	-0.03782100062994613	0.03639880315161313
N76S,S100BY	-0.0837721962015564	0.010472629924567609	1.4536553932786713e-15	-0.1211169133715854	-0.04642747903152741
N82AS,T83R	-0.024092397165983298	0.010354753542340679	0.020009456286261048	-0.061016774823683666	0.01283198049171707
N82AS,F91Y	-0.0022463639805978958	0.010350391444792705	0.8281898480810415	-0.03915518668215348	0.03466245872095769
N82AS,S100BY	-0.01694312868222799	0.01040823650057103	0.10359971308258091	-0.05405822309044042	0.02017196572598444
T83R,F91Y	0.01109864717018998	0.010351298909435872	0.2836675688888584	-0.025813411491261543	0.048010705831641506
T83R,S100BY	-0.023980260844034228	0.01041130466814787	0.021291444127664275	-0.06110629613827172	0.013145774450203263
F91Y,S100BY	-0.04944482457893729	0.010408288945342797	2.069031922008916e-06	-0.08656010600179484	-0.012329543156079752
