Params: 	17
Performance: 	0.7820407464051333
Term	Coefficient	Standard Error	p-value	95% CI lower	95% CI upper
Intercept	0.5149528774063928
S29F	0.3474748118778095	0.009553759887585781	6.347195157211603e-266	0.3190538784518402	0.3758957453037788
N30S	0.7850383407363816	0.010226442191904415	0.0	0.75461628322808	0.8154603982446831
N31S	0.6615118758001257	0.009758986028005632	0.0	0.632480426876303	0.6905433247239484
S52I	5.751941190773612e-16	8.094407117373813e-18	0.0	5.511145306731662e-16	5.992737074815562e-16
S56T	0.9459365035490297	0.010210509652420456	0.0	0.9155618428404497	0.9763111642576097
T57A	0.6456928920891415	0.010034738966237716	0.0	0.6158411215336549	0.6755446626446281
A58N	-0.5386655036571883	0.009948932142620727	0.0	-0.5682620124047368	-0.5090689949096399
S70T	0.049680007275027735	0.009357089497789274	1.1332833971954318e-07	0.021844137334119308	0.07751587721593617
I73K	2.1620856562256816	0.021367424383369832	0.0	2.098520928513266	2.225650383938097
F74S	2.366870250624797	0.02508860531445225	0.0	2.2922355947633912	2.4415049064862027
S75T	0.1521897924114612	0.009497117962680338	8.274920361048649e-57	0.12393735980567139	0.180442225017251
N76S	0.20765234633346258	0.009409284034002765	1.8040722738269128e-104	0.17966120585442283	0.23564348681250233
N82AS	0.0618895688006494	0.009358222714462646	4.0267972566753666e-11	0.03405032771832544	0.08972880988297335
T83R	0.14655872622630178	0.009360090894748723	2.3270530462361255e-54	0.11871392760138066	0.1744035248512229
F91Y	-0.0647305093343003	0.009356580571568057	4.970558051522119e-12	-0.0925648652997245	-0.0368961533688761
S100BY	0.28464140588828324	0.00940891319985007	2.695954432032816e-189	0.25665136858253756	0.3126314431940289
